00001100000100000000000001001111
00001100000100000000000001000010
00000000000011000100100000100001
00001100000100000000000001010100
00001100000100000000000001000010
00000000000011000101000000100001
00001100000100000000000001011001
00001100000100000000000001000010
00000000000011000101100000100001
00000000000010101100000000100001
00000000000000001011100000100001
00010010111010010000000000000110
00001100000100000000000001011110
00001100000100000000000001000010
10101101010011000000000000000000
00100001010010100000000000000100
00100010111101110000000000000001
00001000000100000000000000001011
00000000000110000101000000100001
00100000000000010000000000000001
00000001001000010110100000100010
00000000000000001011100000100001
00000000000010101100000000100001
00010010111011010000000000010101
00000001101101110111100000100010
00000000000000001011000000100001
00000000000110000101000000100001
00010010110011110000000000001111
10001101010101000000000000000000
10001101010101010000000000000100
00000010101101000000100000101010
00010100001000000000000000000011
00100001010010100000000000000100
00100010110101100000000000000001
00001000000100000000000000011011
00000000000101000111000000100001
00000000000101011010000000100001
00000000000011101010100000100001
10101101010101000000000000000000
10101101010101010000000000000100
00100001010010100000000000000100
00100010110101100000000000000001
00001000000100000000000000011011
00100010111101110000000000000001
00001000000100000000000000010111
00000000000110000101000000100001
00000000000010110111000000100001
00000000000000001011000000100001
00010010110010010000000000000110
10001101010011010000000000000000
10101101011011010000000000000000
00100001011010110000000000000100
00100001010010100000000000000100
00100010110101100000000000000001
00001000000100000000000000110000
00000000000011100101100000100001
00000000000000001011100000100001
00010010111010010000000000000110
10001101011011000000000000000000
00001100000100000000000001000110
00001100000100000000000001001010
00100001011010110000000000000100
00100010111101110000000000000001
00001000000100000000000000111001
00100100000000100000000000001010
00000000000000000000000000001100
00100100000000100000000000000101
00000000000000000000000000001100
00000000000000100110000000100001
00000011111000000000000000001000
00100100000000100000000000000001
00000000000011000010000000100001
00000000000000000000000000001100
00000011111000000000000000001000
00100100000000100000000000000100
00111100000000010001000000000001
00110100001001000000000000000000
00000000000000000000000000001100
00000011111000000000000000001000
00100100000000100000000000000100
00111100000000010001000000000001
00110100001001000000000000000010
00000000000000000000000000001100
00000011111000000000000000001000
00100100000000100000000000000100
00111100000000010001000000000001
00110100001001000000000000101111
00000000000000000000000000001100
00000011111000000000000000001000
00100100000000100000000000000100
00111100000000010001000000000001
00110100001001000000000001100101
00000000000000000000000000001100
00000011111000000000000000001000
00100100000000100000000000000100
00111100000000010001000000000001
00110100001001000000000010011101
00000000000000000000000000001100
00000011111000000000000000001000
